-190.00 22.83 22.40 21.97 21.54 21.11 20.68 20.25 19.82 19.38 18.95 
-180.00 27.10 26.67 26.24 25.82 25.39 24.97 24.54 24.11 23.68 23.25 
-170.00 31.34 30.91 30.49 30.07 29.64 29.22 28.80 28.37 27.95 27.52 
-160.00 35.54 35.12 34.70 34.28 33.86 33.44 33.02 32.60 32.18 31.76 
-150.00 39.72 39.31 38.89 38.47 38.05 37.64 37.22 36.80 36.38 35.96 
-140.00 43.88 43.46 43.05 42.63 42.22 41.80 41.39 40.97 40.56 40.14 
-130.00 48.00 47.59 47.18 46.77 46.36 45.94 45.53 45.12 44.70 44.29 
-120.00 52.11 51.70 51.29 50.88 50.47 50.06 49.65 49.24 48.83 48.42 
-110.00 56.19 55.79 55.38 54.97 54.56 54.15 53.75 53.34 52.93 52.52 
-100.00 60.26 59.85 59.44 59.04 58.63 58.23 57.82 57.41 57.01 56.60 
-90.00 64.30 63.90 63.49 63.09 62.68 62.28 61.88 61.47 61.07 60.66 
-80.00 68.33 67.92 67.52 67.12 66.72 66.31 65.91 65.51 65.11 64.70 
-70.00 72.33 71.93 71.53 71.13 70.73 70.33 69.93 69.53 69.13 68.73 
-60.00 76.33 75.93 75.53 75.13 74.73 74.33 73.93 73.53 73.13 72.73 
-50.00 80.31 79.91 79.51 79.11 78.72 78.32 77.92 77.52 77.12 76.73 
-40.00 84.27 83.87 83.48 83.08 82.69 82.29 81.89 81.50 81.10 80.70 
-30.00 88.22 87.83 87.43 87.04 86.64 86.25 85.85 85.46 85.06 84.67 
-20.00 92.16 91.77 91.37 90.98 90.59 90.19 89.80 89.40 89.01 88.62 
-10.00 96.09 95.69 95.30 94.91 94.52 94.12 93.73 93.34 92.95 92.55 
0.00 100.00 99.61 99.22 98.83 98.44 98.04 97.65 97.26 96.87 96.48 
0.00 100.00 100.39 100.78 101.17 101.56 101.95 102.34 102.73 103.12 103.51 
10.00 103.90 104.29 104.68 105.07 105.46 105.85 106.24 106.63 107.02 107.40 
20.00 107.79 108.18 108.57 108.96 109.35 109.73 110.12 110.51 110.90 111.29 
30.00 111.67 112.06 112.45 112.83 113.22 113.61 114.00 114.38 114.77 115.15